epoch:0 0.2236  0.4496  0.1964  0.0348  0.1305  0.2658  0.2824  0.3938  0.4011  0.0679  0.2451  0.4545  5.2609  0.0005
epoch:1 0.2741  0.5285  0.2581  0.0433  0.1467  0.3259  0.3125  0.4331  0.4408  0.0868  0.2756  0.5  4.3107  0.0005
epoch:2 0.2815  0.5427  0.2612  0.0464  0.1437  0.3395  0.3227  0.4482  0.4601  0.0939  0.2973  0.5242  4.0535  0.0005
epoch:3 0.2988  0.5715  0.2785  0.0486  0.1721  0.353  0.3298  0.456  0.465  0.1128  0.3084  0.5268  3.8602  0.0005
epoch:4 0.3027  0.5705  0.2937  0.048  0.1655  0.3604  0.3314  0.4601  0.4704  0.1007  0.3075  0.5365  3.759  0.0005
epoch:5 0.3707  0.6435  0.3842  0.063  0.2184  0.4358  0.3733  0.5152  0.5261  0.1191  0.3777  0.5919  3.3287  0.0001
epoch:6 0.379  0.6572  0.3899  0.0767  0.2299  0.4429  0.3765  0.5181  0.5276  0.139  0.3818  0.5937  3.1448  0.0001
epoch:7 0.3736  0.6589  0.3866  0.0619  0.2293  0.436  0.3723  0.5135  0.5225  0.1163  0.3855  0.5852  3.0687  0.0001
epoch:8 0.3907  0.6659  0.4045  0.0706  0.2383  0.4593  0.3846  0.5244  0.5332  0.1426  0.3821  0.6021  3.0323  0.0001
epoch:9 0.3887  0.6713  0.4069  0.0781  0.2429  0.4523  0.3806  0.519  0.527  0.1476  0.3861  0.5911  2.9795  0.0001
epoch:10 0.4081  0.6838  0.4323  0.0828  0.2507  0.4765  0.3929  0.5388  0.5471  0.1582  0.4032  0.6141  2.8543  0.0
