epoch:0 0.2318  0.4439  0.2213  0.0261  0.1181  0.2774  0.2886  0.3976  0.4045  0.0638  0.2426  0.4648  5.2227  0.0005
epoch:1 0.2747  0.5269  0.2621  0.0432  0.1484  0.3298  0.3149  0.4282  0.4371  0.0872  0.2569  0.5016  4.2798  0.0005
epoch:2 0.2837  0.551  0.2621  0.0479  0.1498  0.3415  0.3178  0.4434  0.4549  0.0972  0.2772  0.5177  4.0619  0.0005
epoch:3 0.285  0.5621  0.2533  0.0513  0.1782  0.3343  0.3216  0.4498  0.4585  0.1022  0.3216  0.5121  3.8874  0.0005
epoch:4 0.3035  0.5751  0.2928  0.0277  0.1691  0.3611  0.3283  0.4503  0.4606  0.0901  0.3092  0.5224  3.7665  0.0005
epoch:5 0.3698  0.6426  0.3835  0.07  0.2215  0.4336  0.3714  0.5083  0.5177  0.1436  0.3624  0.5809  3.3088  0.0001
epoch:6 0.3799  0.6551  0.3994  0.075  0.2316  0.443  0.3789  0.5163  0.5259  0.1364  0.3738  0.5894  3.1614  0.0001
epoch:7 0.3879  0.6615  0.4106  0.0747  0.2357  0.4559  0.3804  0.5221  0.5316  0.1391  0.3789  0.5981  3.0544  0.0001
epoch:8 0.3893  0.6662  0.4104  0.0722  0.2404  0.4557  0.3843  0.5239  0.5331  0.1352  0.3841  0.5992  3.012  0.0001
epoch:9 0.3851  0.6709  0.3965  0.0689  0.2364  0.4508  0.3774  0.5175  0.5271  0.1304  0.3835  0.5931  2.9616  0.0001
epoch:10 0.4059  0.6848  0.4286  0.0744  0.254  0.4723  0.3924  0.5339  0.5428  0.1356  0.3963  0.6087  2.8346  0.0
epoch:11 0.4133  0.6903  0.4382  0.0752  0.2587  0.4804  0.396  0.5386  0.5469  0.1431  0.3988  0.6128  2.792  0.0
epoch:12 0.4148  0.6936  0.4363  0.0756  0.2648  0.4812  0.3966  0.5426  0.5513  0.1561  0.4069  0.6151  2.7388  0.0
