epoch:0 0.2464  0.4731  0.236  0.0334  0.13  0.2948  0.2938  0.4103  0.4191  0.0817  0.2504  0.4782  5.2127  0.0005
epoch:1 0.2611  0.5061  0.2482  0.0282  0.1448  0.3092  0.311  0.4291  0.4382  0.0698  0.2712  0.499  4.3041  0.0005
epoch:2 0.289  0.5478  0.279  0.0463  0.1622  0.3408  0.3221  0.4505  0.4613  0.1075  0.3133  0.5189  4.042  0.0005
epoch:3 0.2833  0.5524  0.2585  0.0537  0.1623  0.3358  0.3169  0.4411  0.4513  0.1207  0.3085  0.5036  3.8959  0.0005
epoch:4 0.3014  0.5701  0.2897  0.0463  0.1635  0.3602  0.331  0.4551  0.4651  0.1055  0.3041  0.5267  3.7383  0.0005
epoch:5 0.3654  0.6476  0.3744  0.0688  0.2296  0.4261  0.3713  0.5119  0.5222  0.1397  0.3835  0.5814  3.3245  0.0001
epoch:6 0.3781  0.6553  0.3908  0.0616  0.2327  0.4403  0.3768  0.5179  0.5277  0.129  0.381  0.5902  3.1775  0.0001
epoch:7 0.3819  0.659  0.3975  0.0721  0.2344  0.4452  0.3809  0.5164  0.5257  0.1376  0.3805  0.5883  3.0607  0.0001
epoch:8 0.3907  0.6662  0.4128  0.0713  0.2377  0.4571  0.384  0.5254  0.5349  0.1475  0.3861  0.5986  3.0288  0.0001
epoch:9 0.3939  0.6753  0.4132  0.0728  0.2392  0.4587  0.3845  0.526  0.5351  0.1417  0.3853  0.5991  2.9652  0.0001
epoch:10 0.4096  0.6871  0.4362  0.0759  0.2581  0.4744  0.3933  0.539  0.5475  0.1474  0.3998  0.6102  2.8327  0.0
epoch:11 0.4144  0.694  0.4447  0.0768  0.2603  0.4808  0.3967  0.5399  0.549  0.153  0.3999  0.6137  2.8025  0.0
epoch:12 0.412  0.6908  0.4397  0.0769  0.2622  0.477  0.3958  0.5385  0.5481  0.1494  0.399  0.6116  2.7435  0.0
epoch:13 0.4169  0.6948  0.445  0.0788  0.2616  0.4834  0.3982  0.5426  0.5515  0.1547  0.4019  0.615  2.7413  0.0
epoch:14 0.417  0.6971  0.4403  0.0921  0.2593  0.484  0.3972  0.5429  0.5516  0.1664  0.4021  0.6151  2.7158  0.0
