epoch:0 0.3614  0.7101  0.3184  0.1643  0.3048  0.3901  0.3483  0.5281  0.5409  0.3131  0.4875  0.5641  0.5608  0.005
epoch:1 0.4542  0.7666  0.4911  0.1838  0.3578  0.4991  0.4115  0.5941  0.6063  0.3531  0.5294  0.6392  0.3164  0.005
epoch:2 0.4704  0.7837  0.5138  0.1994  0.3743  0.5118  0.4189  0.6034  0.6133  0.3444  0.5377  0.6466  0.2723  0.005
epoch:3 0.521  0.8033  0.5834  0.2089  0.4108  0.5678  0.4476  0.6384  0.6478  0.3891  0.557  0.6863  0.2278  0.0017
epoch:4 0.5142  0.801  0.5711  0.2072  0.4028  0.5621  0.4432  0.6331  0.6423  0.3615  0.5514  0.6827  0.2126  0.0017
epoch:5 0.5159  0.8045  0.5787  0.2111  0.4045  0.5665  0.4436  0.6324  0.6405  0.3707  0.5484  0.6823  0.203  0.0017
epoch:6 0.5261  0.8053  0.5903  0.213  0.4111  0.5776  0.4521  0.6415  0.6491  0.3679  0.5529  0.6921  0.1878  0.0005
epoch:7 0.5247  0.8052  0.5865  0.2082  0.4095  0.5759  0.451  0.6404  0.6478  0.3641  0.5486  0.691  0.1827  0.0005
epoch:8 0.5255  0.8038  0.5881  0.2095  0.4079  0.5776  0.4537  0.6393  0.6465  0.3572  0.5447  0.6908  0.1796  0.0005
epoch:9 0.5284  0.8033  0.5923  0.2069  0.4111  0.5803  0.4513  0.6405  0.6474  0.3646  0.5446  0.6914  0.1752  0.0002
epoch:10 0.5276  0.8039  0.5909  0.2101  0.4083  0.5807  0.4544  0.6394  0.6465  0.3505  0.5448  0.6917  0.1732  0.0002
epoch:11 0.5309  0.8076  0.5923  0.2093  0.4131  0.584  0.4552  0.6401  0.6468  0.3622  0.5471  0.6916  0.1731  0.0002
epoch:12 0.5293  0.8054  0.5927  0.2056  0.4151  0.5822  0.4517  0.6395  0.6464  0.3609  0.5471  0.6919  0.1711  0.0001
epoch:13 0.5292  0.8049  0.5936  0.2022  0.4141  0.5825  0.4536  0.6393  0.6462  0.3488  0.5442  0.6915  0.1701  0.0001
epoch:14 0.5288  0.8027  0.5932  0.2056  0.4109  0.5815  0.4531  0.6393  0.6455  0.3574  0.5434  0.6911  0.1698  0.0001
