epoch:0 0.0206  0.0667  0.0062  0.0  0.0014  0.0288  0.0445  0.0782  0.0799  0.0  0.0076  0.1061  0.7972  0.005
epoch:1 0.0609  0.1942  0.0175  0.0001  0.0124  0.0839  0.1058  0.1936  0.1981  0.0011  0.0503  0.2638  0.5546  0.005
epoch:2 0.083  0.2464  0.0285  0.0004  0.0214  0.1201  0.1494  0.2519  0.2605  0.0082  0.1042  0.3295  0.5108  0.005
epoch:3 0.1051  0.3032  0.0415  0.0004  0.0258  0.1424  0.1642  0.2587  0.2653  0.0051  0.0953  0.3397  0.4929  0.005
epoch:4 0.1137  0.3262  0.0424  0.0003  0.0312  0.161  0.18  0.2944  0.3045  0.01  0.1423  0.3753  0.4783  0.005
epoch:5 0.1971  0.4693  0.1209  0.0104  0.0862  0.2457  0.2394  0.3456  0.3527  0.0248  0.1963  0.4266  0.443  0.005
epoch:6 0.2425  0.5329  0.1726  0.0235  0.1282  0.2984  0.2775  0.3926  0.3989  0.0511  0.2464  0.4771  0.4056  0.005
epoch:7 0.2613  0.5614  0.2035  0.0147  0.1375  0.3184  0.2975  0.408  0.4145  0.0491  0.2501  0.4928  0.3847  0.005
epoch:8 0.2936  0.5977  0.2491  0.0356  0.1618  0.3548  0.3167  0.4358  0.4455  0.0935  0.2914  0.5212  0.3582  0.0017
epoch:9 0.2976  0.6091  0.2528  0.0403  0.1646  0.3617  0.3164  0.4347  0.4444  0.09  0.3039  0.5165  0.35  0.0017
epoch:10 0.3064  0.6186  0.269  0.0379  0.1782  0.3677  0.3232  0.4433  0.4515  0.0807  0.3097  0.5236  0.342  0.0017
epoch:11 0.321  0.6311  0.2891  0.0361  0.1848  0.3855  0.3327  0.4539  0.4618  0.0933  0.3202  0.5336  0.3295  0.0005
epoch:12 0.3212  0.6299  0.293  0.0379  0.1821  0.3869  0.3323  0.451  0.4588  0.0883  0.3088  0.5348  0.3263  0.0005
epoch:13 0.3224  0.6381  0.287  0.0472  0.1817  0.388  0.3338  0.4514  0.4593  0.0956  0.3106  0.5324  0.3251  0.0005
