epoch:0 0.0048  0.0175  0.001  0.0  0.0007  0.0068  0.0101  0.02  0.0206  0.0  0.001  0.0298  0.8992  0.005
epoch:1 0.0445  0.1415  0.0131  0.0  0.0064  0.0624  0.0934  0.1739  0.1771  0.0  0.0292  0.2329  0.5756  0.005
epoch:2 0.0711  0.2073  0.0253  0.0  0.0146  0.0991  0.1288  0.2125  0.2166  0.0001  0.0614  0.2795  0.5275  0.005
epoch:3 0.0818  0.2354  0.0313  0.0001  0.0156  0.1113  0.1324  0.1994  0.2024  0.0005  0.0564  0.263  0.5045  0.005
epoch:4 0.0958  0.2704  0.0377  0.0003  0.0256  0.1338  0.1608  0.2669  0.2739  0.0039  0.0976  0.352  0.4897  0.005
epoch:5 0.1526  0.3787  0.0815  0.0018  0.0537  0.1949  0.2156  0.3327  0.3439  0.0115  0.1808  0.4203  0.4615  0.005
epoch:6 0.199  0.4592  0.1325  0.0085  0.0877  0.2495  0.2467  0.3635  0.3723  0.0305  0.2053  0.4516  0.4305  0.005
epoch:7 0.22  0.5007  0.1478  0.0124  0.1091  0.2699  0.2658  0.3873  0.3956  0.0356  0.2368  0.4734  0.4077  0.005
epoch:8 0.2444  0.5352  0.1806  0.0251  0.1203  0.3001  0.2818  0.3959  0.4033  0.0607  0.2552  0.4783  0.3857  0.0017
epoch:9 0.2546  0.5477  0.1939  0.0299  0.1291  0.3106  0.2909  0.4085  0.4181  0.0729  0.2667  0.4938  0.3783  0.0017
epoch:10 0.2467  0.541  0.1864  0.0297  0.1181  0.3059  0.2819  0.4034  0.4154  0.0887  0.2693  0.487  0.3723  0.0017
epoch:11 0.2691  0.5641  0.2199  0.0285  0.1414  0.3271  0.2987  0.4214  0.4309  0.0775  0.2842  0.5062  0.3636  0.0005
epoch:12 0.2692  0.5673  0.2149  0.0305  0.1385  0.3269  0.2988  0.4196  0.4298  0.0866  0.2802  0.5035  0.3618  0.0005
epoch:13 0.2715  0.5666  0.2225  0.0353  0.1414  0.3308  0.3005  0.4224  0.4324  0.0869  0.2834  0.5077  0.3589  0.0005
epoch:14 0.2764  0.576  0.2289  0.0401  0.1451  0.3362  0.3045  0.4218  0.4314  0.0848  0.2803  0.5066  0.3574  0.0002
epoch:15 0.2768  0.5756  0.2283  0.0345  0.1439  0.3366  0.3057  0.4249  0.4349  0.0907  0.2831  0.5097  0.3557  0.0002
epoch:16 0.2778  0.5765  0.2312  0.0338  0.1482  0.3369  0.3049  0.426  0.4356  0.0924  0.2858  0.5108  0.3561  0.0002
epoch:17 0.277  0.5755  0.2299  0.0341  0.1478  0.3363  0.3046  0.4256  0.4359  0.093  0.2886  0.5107  0.3539  0.0001
epoch:18 0.2798  0.5806  0.234  0.033  0.1484  0.3386  0.3048  0.4253  0.4347  0.0885  0.2848  0.5096  0.3551  0.0001
epoch:19 0.2799  0.5778  0.2344  0.0423  0.148  0.3401  0.3073  0.4268  0.4358  0.0877  0.2852  0.5118  0.3549  0.0001
epoch:20 0.2791  0.5772  0.2352  0.0366  0.1463  0.3389  0.3055  0.4251  0.4353  0.0973  0.2843  0.5106  0.3536  0.0
epoch:21 0.2802  0.5782  0.2381  0.038  0.1469  0.3398  0.307  0.4259  0.4351  0.0925  0.2852  0.5104  0.3527  0.0
epoch:22 0.2804  0.5789  0.2362  0.0399  0.1468  0.3399  0.308  0.4255  0.4347  0.0858  0.2817  0.5101  0.3546  0.0
epoch:23 0.2801  0.5799  0.2353  0.0369  0.1503  0.3387  0.3074  0.4264  0.4363  0.0931  0.2879  0.5103  0.3547  0.0
epoch:24 0.2796  0.5784  0.2368  0.0338  0.1467  0.3394  0.3067  0.4245  0.4339  0.0831  0.284  0.5089  0.3539  0.0
