epoch:0 0.1378  0.2869  0.1158  0.0543  0.1594  0.1986  0.1454  0.2198  0.225  0.0758  0.2425  0.3403  1.1562  0.002
epoch:1 0.1687  0.3284  0.1582  0.0723  0.1886  0.2396  0.1678  0.2485  0.2546  0.1028  0.2756  0.3669  1.024  0.002
epoch:2 0.1921  0.3626  0.1847  0.0877  0.2153  0.2634  0.1876  0.2889  0.2978  0.1351  0.3312  0.4017  0.9833  0.002
epoch:3 0.2045  0.375  0.2022  0.0901  0.2207  0.2888  0.1943  0.2845  0.2912  0.1234  0.3114  0.4126  0.9598  0.002
epoch:4 0.2166  0.3904  0.2215  0.092  0.2412  0.305  0.203  0.2966  0.3026  0.1262  0.3278  0.4365  0.9424  0.002
epoch:5 0.2209  0.3972  0.2235  0.0955  0.2476  0.3047  0.2102  0.3156  0.3242  0.1464  0.3602  0.4453  0.9287  0.002
epoch:6 0.2167  0.3821  0.2213  0.0983  0.2431  0.3052  0.2056  0.2986  0.3047  0.1329  0.3282  0.4488  0.9174  0.002
epoch:7 0.2326  0.407  0.2385  0.1053  0.2594  0.3186  0.2149  0.3207  0.3286  0.1476  0.3614  0.4546  0.9062  0.002
epoch:8 0.2379  0.4139  0.2458  0.1017  0.2625  0.3321  0.2216  0.3326  0.3408  0.1484  0.3691  0.4746  0.8999  0.002
epoch:9 0.2431  0.4199  0.251  0.1059  0.276  0.3362  0.2239  0.3308  0.3388  0.1447  0.3772  0.475  0.8899  0.002
epoch:10 0.2296  0.4034  0.2365  0.1039  0.2546  0.3199  0.2166  0.3133  0.3201  0.1426  0.3473  0.4523  0.8855  0.002
epoch:11 0.2511  0.4318  0.2622  0.1187  0.2799  0.3332  0.2285  0.3398  0.348  0.1648  0.3836  0.4619  0.8801  0.002
epoch:12 0.242  0.4168  0.2501  0.1215  0.2621  0.3318  0.2229  0.3258  0.3347  0.1652  0.3589  0.4616  0.8731  0.002
epoch:13 0.2416  0.4225  0.2493  0.1088  0.2654  0.3204  0.2221  0.3307  0.3393  0.158  0.3731  0.4562  0.8698  0.002
epoch:14 0.2483  0.4263  0.2594  0.1161  0.2689  0.3376  0.2294  0.341  0.3488  0.1692  0.3829  0.4668  0.8644  0.002
epoch:15 0.2569  0.4396  0.2693  0.1212  0.2822  0.3552  0.2349  0.3478  0.3558  0.1715  0.3863  0.4912  0.8613  0.002
